0000007095 1625453297047 1625453297093 1625453297119 0.44 -0.11 -105.48
0000007096 1625453297146 1625453297149 1625453297119 0.44 -0.11 -105.48
0000007097 1625453297247 1625453297221 1625453297213 0.43 0.25 -105.86
0000007098 1625453297346 1625453297321 1625453297313 0.47 0.71 -106.23
0000007099 1625453297447 1625453297457 1625453297417 0.56 1.18 -106.6
0000007100 1625453297546 1625453297553 1625453297513 0.68 1.63 -107.0
0000007101 1625453297647 1625453297609 1625453297617 0.81 2.02 -107.44
0000007102 1625453297746 1625453297697 1625453297713 0.94 2.33 -107.92
0000007103 1625453297847 1625453297849 1625453297817 1.04 2.55 -108.44
0000007104 1625453297946 1625453297916 1625453297916 1.1 2.68 -109.03
0000007105 1625453298046 1625453298092 1625453298116 1.08 2.7 -110.36
0000007106 1625453298146 1625453298164 1625453298116 1.08 2.7 -110.36
0000007107 1625453298246 1625453298252 1625453298212 1.01 2.58 -111.04
0000007108 1625453298346 1625453298324 1625453298316 0.92 2.37 -111.69
0000007109 1625453298446 1625453298397 1625453298413 0.8 2.11 -112.33
0000007110 1625453298547 1625453298557 1625453298517 0.68 1.84 -112.94
0000007111 1625453298646 1625453298621 1625453298613 0.56 1.6 -113.49
0000007112 1625453298747 1625453298765 1625453298717 0.45 1.4 -113.96
0000007113 1625453298846 1625453298861 1625453298813 0.36 1.28 -114.34
0000007114 1625453298947 1625453298954 1625453298918 0.32 1.25 -114.62
0000007115 1625453299046 1625453299026 1625453299018 0.31 1.32 -114.81
0000007116 1625453299147 1625453299173 1625453299213 0.36 1.77 -114.89
0000007117 1625453299246 1625453299258 1625453299213 0.36 1.77 -114.89
0000007118 1625453299347 1625453299322 1625453299314 0.39 2.11 -114.78
0000007119 1625453299446 1625453299419 1625453299419 0.39 2.48 -114.57
0000007120 1625453299547 1625453299563 1625453299515 0.38 2.79 -114.29
0000007121 1625453299648 1625453299635 1625453299619 0.36 3.01 -113.96
0000007122 1625453299747 1625453299724 1625453299716 0.35 3.07 -113.62
0000007123 1625453299848 1625453299904 1625453299912 0.44 2.73 -112.94
0000007124 1625453299947 1625453299960 1625453299912 0.44 2.73 -112.94
0000007125 1625453300048 1625453300064 1625453300016 0.53 2.41 -112.63
0000007126 1625453300147 1625453300128 1625453300112 0.64 2.07 -112.35
0000007127 1625453300248 1625453300272 1625453300312 0.82 1.67 -111.83
0000007128 1625453300347 1625453300368 1625453300416 0.85 1.68 -111.62
0000007129 1625453300448 1625453300432 1625453300416 0.85 1.68 -111.62
0000007130 1625453300547 1625453300519 1625453300519 0.83 1.83 -111.44
0000007131 1625453300648 1625453300665 1625453300713 0.67 2.52 -111.15
0000007132 1625453300747 1625453300745 1625453300713 0.67 2.52 -111.15
0000007133 1625453300847 1625453300841 1625453300817 0.55 3.0 -111.02
0000007134 1625453300947 1625453300977 1625453301017 0.37 3.87 -110.81
0000007135 1625453301047 1625453301073 1625453301113 0.36 4.15 -110.74
0000007136 1625453301148 1625453301137 1625453301113 0.36 4.15 -110.74
0000007137 1625453301247 1625453301233 1625453301217 0.39 4.3 -110.67
0000007138 1625453301346 1625453301377 1625453301417 0.53 4.2 -110.56
0000007139 1625453301447 1625453301441 1625453301417 0.53 4.2 -110.56
0000007140 1625453301546 1625453301530 1625453301514 0.6 3.99 -110.49
0000007141 1625453301647 1625453301684 1625453301716 0.69 3.37 -110.34
0000007142 1625453301747 1625453301780 1625453301812 0.71 3.04 -110.26
0000007143 1625453301847 1625453301841 1625453301812 0.71 3.04 -110.26
0000007144 1625453301947 1625453301936 1625453301917 0.71 2.75 -110.16
0000007145 1625453302046 1625453302082 1625453302114 0.66 2.37 -109.97
0000007146 1625453302147 1625453302146 1625453302114 0.66 2.37 -109.97
0000007147 1625453302246 1625453302243 1625453302219 0.64 2.33 -109.87
0000007148 1625453302347 1625453302307 1625453302315 0.62 2.37 -109.77
0000007149 1625453302446 1625453302483 1625453302515 0.6 2.66 -109.54
0000007150 1625453302547 1625453302547 1625453302515 0.6 2.66 -109.54
0000007151 1625453302646 1625453302611 1625453302619 0.59 2.85 -109.43
0000007152 1625453302747 1625453302785 1625453302817 0.57 3.18 -109.2
0000007153 1625453302846 1625453302850 1625453302817 0.57 3.18 -109.2
0000007154 1625453302946 1625453302949 1625453302917 0.55 3.29 -109.09
0000007155 1625453303046 1625453303079 1625453303119 0.55 3.35 -108.84
0000007156 1625453303146 1625453303191 1625453303220 0.56 3.31 -108.72
0000007157 1625453303247 1625453303246 1625453303220 0.56 3.31 -108.72
0000007158 1625453303346 1625453303334 1625453303318 0.59 3.22 -108.59
0000007159 1625453303445 1625453303408 1625453303416 0.63 3.11 -108.47
0000007160 1625453303546 1625453303548 1625453303516 0.68 3.01 -108.33
0000007161 1625453303645 1625453303644 1625453303612 0.72 2.92 -108.2
0000007162 1625453303746 1625453303773 1625453303813 0.77 2.85 -107.91
0000007163 1625453303846 1625453303861 1625453303813 0.77 2.85 -107.91
0000007164 1625453303945 1625453303957 1625453303917 0.77 2.85 -107.73
0000007165 1625453304046 1625453304021 1625453304013 0.71 2.87 -107.48
0000007166 1625453304145 1625453304117 1625453304117 0.62 2.9 -107.17
0000007167 1625453304246 1625453304253 1625453304213 0.52 2.89 -106.81
0000007168 1625453304345 1625453304349 1625453304317 0.43 2.83 -106.4
0000007169 1625453304446 1625453304421 1625453304413 0.36 2.74 -105.99
0000007170 1625453304545 1625453304589 1625453304618 0.39 2.55 -105.27
0000007171 1625453304645 1625453304650 1625453304618 0.39 2.55 -105.27
0000007172 1625453304745 1625453304742 1625453304714 0.47 2.49 -104.95
0000007173 1625453304845 1625453304871 1625453304919 0.7 2.61 -104.35
0000007174 1625453304945 1625453304991 1625453305015 0.81 2.75 -104.05
0000007175 1625453305045 1625453305047 1625453305015 0.81 2.75 -104.05
0000007176 1625453305144 1625453305119 1625453305111 0.89 2.92 -103.75
0000007177 1625453305245 1625453305260 1625453305215 0.93 3.1 -103.47
0000007178 1625453305344 1625453305364 1625453305316 0.92 3.26 -103.23
0000007179 1625453305444 1625453305428 1625453305419 0.88 3.38 -103.05
0000007180 1625453305544 1625453305519 1625453305519 0.83 3.45 -102.95
0000007181 1625453305644 1625453305659 1625453305615 0.8 3.45 -102.89
0000007182 1625453305744 1625453305765 1625453305717 0.78 3.4 -102.82
0000007183 1625453305844 1625453305829 1625453305813 0.78 3.31 -102.72
0000007184 1625453305945 1625453305950 1625453305918 0.78 3.23 -102.62
0000007185 1625453306044 1625453306059 1625453306011 0.77 3.18 -102.51
0000007186 1625453306145 1625453306123 1625453306117 0.77 3.16 -102.41
0000007187 1625453306244 1625453306223 1625453306215 0.76 3.16 -102.3
0000007188 1625453306344 1625453306367 1625453306319 0.73 3.19 -102.19
0000007189 1625453306444 1625453306455 1625453306418 0.71 3.22 -102.08
0000007190 1625453306544 1625453306524 1625453306516 0.69 3.26 -101.96
0000007191 1625453306644 1625453306684 1625453306713 0.67 3.32 -101.73
0000007192 1625453306744 1625453306769 1625453306817 0.69 3.31 -101.6
0000007193 1625453306844 1625453306825 1625453306817 0.69 3.31 -101.6
0000007194 1625453306944 1625453306921 1625453306913 0.69 3.28 -101.41
0000007195 1625453307044 1625453307081 1625453307113 0.62 3.17 -100.88
0000007196 1625453307144 1625453307161 1625453307113 0.62 3.17 -100.88
0000007197 1625453307244 1625453307227 1625453307219 0.55 3.07 -100.54
0000007198 1625453307344 1625453307387 1625453307411 0.41 2.78 -99.75
0000007199 1625453307445 1625453307467 1625453307513 0.35 2.59 -99.27
0000007200 1625453307545 1625453307527 1625453307513 0.35 2.59 -99.27
0000007201 1625453307645 1625453307625 1625453307617 0.3 2.39 -98.75
0000007202 1625453307745 1625453307761 1625453307713 0.29 2.18 -98.19
0000007203 1625453307845 1625453307874 1625453307914 0.36 1.82 -96.96
0000007204 1625453307945 1625453307930 1625453307914 0.36 1.82 -96.96
0000007205 1625453308045 1625453308098 1625453308114 0.46 1.63 -95.55
0000007206 1625453308145 1625453308170 1625453308218 0.5 1.61 -94.78
0000007207 1625453308245 1625453308234 1625453308218 0.5 1.61 -94.78
0000007208 1625453308345 1625453308330 1625453308314 0.54 1.65 -94.0
0000007209 1625453308445 1625453308500 1625453308516 0.63 1.82 -92.45
0000007210 1625453308544 1625453308540 1625453308516 0.63 1.82 -92.45
0000007211 1625453308645 1625453308645 1625453308612 0.7 1.89 -91.69
0000007212 1625453308744 1625453308765 1625453308717 0.76 1.96 -90.92
0000007213 1625453308845 1625453308857 1625453308817 0.81 2.07 -90.13
0000007214 1625453308945 1625453308937 1625453308913 0.82 2.23 -89.34
0000007215 1625453309045 1625453309034 1625453309018 0.81 2.43 -88.56
0000007216 1625453309145 1625453309178 1625453309218 0.72 2.9 -87.05
0000007217 1625453309245 1625453309274 1625453309314 0.66 3.12 -86.3
0000007218 1625453309345 1625453309338 1625453309314 0.66 3.12 -86.3
0000007219 1625453309445 1625453309403 1625453309419 0.61 3.29 -85.54
0000007220 1625453309545 1625453309563 1625453309515 0.58 3.39 -84.77
0000007221 1625453309644 1625453309643 1625453309619 0.59 3.41 -84.01
0000007222 1625453309745 1625453309739 1625453309715 0.63 3.32 -83.27
0000007223 1625453309844 1625453309835 1625453309811 0.69 3.17 -82.55
0000007224 1625453309945 1625453309979 1625453310011 0.86 2.79 -81.2
0000007225 1625453310044 1625453310046 1625453310011 0.86 2.79 -81.2
0000007226 1625453310145 1625453310140 1625453310116 0.94 2.62 -80.61
0000007227 1625453310244 1625453310213 1625453310213 0.99 2.53 -80.07
0000007228 1625453310344 1625453310301 1625453310317 1.01 2.53 -79.56
0000007229 1625453310445 1625453310445 1625453310413 1.01 2.61 -79.08
0000007230 1625453310544 1625453310517 1625453310517 0.98 2.74 -78.64
0000007231 1625453310645 1625453310677 1625453310717 0.89 3.07 -77.85
0000007232 1625453310744 1625453310749 1625453310717 0.89 3.07 -77.85
0000007233 1625453310845 1625453310837 1625453310813 0.82 3.22 -77.49
0000007234 1625453310944 1625453310917 1625453310917 0.76 3.35 -77.14
0000007235 1625453311044 1625453311006 1625453311014 0.7 3.44 -76.8
0000007236 1625453311144 1625453311158 1625453311118 0.66 3.5 -76.48
0000007237 1625453311245 1625453311222 1625453311214 0.66 3.51 -76.17
0000007238 1625453311344 1625453311374 1625453311419 0.71 3.35 -75.6
0000007239 1625453311444 1625453311446 1625453311419 0.71 3.35 -75.6
0000007240 1625453311544 1625453311551 1625453311518 0.76 3.19 -75.35
0000007241 1625453311645 1625453311607 1625453311615 0.81 3.02 -75.1
0000007242 1625453311744 1625453311712 1625453311712 0.86 2.85 -74.87
0000007243 1625453311844 1625453311848 1625453311816 0.88 2.72 -74.65
0000007244 1625453311944 1625453311950 1625453311912 0.87 2.63 -74.44
0000007245 1625453312044 1625453312009 1625453312017 0.85 2.58 -74.24
0000007246 1625453312145 1625453312155 1625453312115 0.81 2.57 -74.04
0000007247 1625453312244 1625453312251 1625453312211 0.77 2.6 -73.84
0000007248 1625453312345 1625453312315 1625453312315 0.71 2.65 -73.6
0000007249 1625453312444 1625453312415 1625453312415 0.66 2.69 -73.33
0000007250 1625453312545 1625453312560 1625453312512 0.62 2.73 -73.01
0000007251 1625453312645 1625453312656 1625453312616 0.57 2.75 -72.63
0000007252 1625453312745 1625453312720 1625453312712 0.52 2.74 -72.19
0000007253 1625453312845 1625453312857 1625453312816 0.47 2.7 -71.68
0000007254 1625453312945 1625453312955 1625453312915 0.42 2.62 -71.13
0000007255 1625453313046 1625453313027 1625453313011 0.39 2.52 -70.54
0000007256 1625453313145 1625453313116 1625453313116 0.37 2.41 -69.91
0000007257 1625453313246 1625453313268 1625453313316 0.38 2.27 -68.53
0000007258 1625453313345 1625453313332 1625453313316 0.38 2.27 -68.53
0000007259 1625453313446 1625453313421 1625453313413 0.41 2.21 -67.83
0000007260 1625453313545 1625453313549 1625453313517 0.48 2.13 -67.15
0000007261 1625453313646 1625453313670 1625453313718 0.7 2.03 -65.89
0000007262 1625453313745 1625453313718 1625453313718 0.7 2.03 -65.89
0000007263 1625453313846 1625453313886 1625453313918 0.96 2.17 -64.77
0000007264 1625453313945 1625453313966 1625453313918 0.96 2.17 -64.77
0000007265 1625453314046 1625453314030 1625453314014 1.05 2.38 -64.26
0000007266 1625453314145 1625453314126 1625453314118 1.1 2.64 -63.78
0000007267 1625453314246 1625453314289 1625453314313 1.08 3.16 -62.9
0000007268 1625453314345 1625453314370 1625453314418 1.04 3.35 -62.48
0000007269 1625453314446 1625453314426 1625453314418 1.04 3.35 -62.48
0000007270 1625453314545 1625453314522 1625453314514 0.97 3.46 -62.08
0000007271 1625453314646 1625453314674 1625453314714 0.78 3.45 -61.32
0000007272 1625453314746 1625453314730 1625453314714 0.78 3.45 -61.32
0000007273 1625453314846 1625453314826 1625453314818 0.68 3.34 -60.89
0000007274 1625453314946 1625453314987 1625453315011 0.52 2.99 -59.86
0000007275 1625453315046 1625453315076 1625453315115 0.49 2.79 -59.34
0000007276 1625453315146 1625453315140 1625453315115 0.49 2.79 -59.34
0000007277 1625453315245 1625453315228 1625453315212 0.51 2.63 -58.88
0000007278 1625453315346 1625453315364 1625453315316 0.57 2.52 -58.46
0000007279 1625453315446 1625453315463 1625453315418 0.66 2.5 -58.09
0000007280 1625453315546 1625453315528 1625453315512 0.77 2.55 -57.77
0000007281 1625453315647 1625453315696 1625453315712 1.05 2.79 -57.36
0000007282 1625453315746 1625453315776 1625453315817 1.17 2.95 -57.21
0000007283 1625453315845 1625453315841 1625453315817 1.17 2.95 -57.21
0000007284 1625453315946 1625453315961 1625453315913 1.22 3.08 -57.05
0000007285 1625453316045 1625453316065 1625453316017 1.19 3.16 -56.86
0000007286 1625453316146 1625453316173 1625453316213 0.87 3.19 -56.29
0000007287 1625453316246 1625453316237 1625453316213 0.87 3.19 -56.29
0000007288 1625453316346 1625453316366 1625453316414 0.34 3.07 -55.49
0000007289 1625453316446 1625453316462 1625453316414 0.34 3.07 -55.49
0000007290 1625453316546 1625453316543 1625453316518 0.11 2.94 -55.04
0000007291 1625453316646 1625453316602 1625453316618 0.0 2.77 -54.55
0000007292 1625453316746 1625453316767 1625453316719 0.0 2.56 -54.02
0000007293 1625453316846 1625453316839 1625453316815 0.11 2.35 -53.43
0000007294 1625453316946 1625453316943 1625453316911 0.32 2.17 -52.81
0000007295 1625453317046 1625453317067 1625453317115 0.8 1.94 -51.59
0000007296 1625453317146 1625453317173 1625453317213 0.99 1.89 -51.02
0000007297 1625453317246 1625453317245 1625453317213 0.99 1.89 -51.02
0000007298 1625453317345 1625453317301 1625453317317 1.11 1.88 -50.49
0000007299 1625453317446 1625453317478 1625453317518 1.16 1.96 -49.6
0000007300 1625453317547 1625453317534 1625453317518 1.16 1.96 -49.6
